Veh_ID depot_x depot_y capacity
1 50 50 40
2 50 50 70
3 50 50 70
4 50 50 40
5 50 50 40
6 50 50 70
7 50 50 40
8 50 50 50
9 50 50 70
10 50 50 50
11 50 50 70
12 50 50 50
13 50 50 50
14 50 50 50
15 50 50 40
16 50 50 40
17 50 50 50
18 50 50 40
19 50 50 50
20 50 50 70
21 50 50 50
22 50 50 40
23 50 50 50
24 50 50 70
25 50 50 40
26 50 50 50
27 50 50 50
28 50 50 40
29 50 50 40
30 50 50 70
31 50 50 50
32 50 50 40
33 50 50 70
34 50 50 50
35 50 50 70
36 50 50 70
37 50 50 50
38 50 50 70
39 50 50 70
40 50 50 50
41 50 50 50
42 50 50 50
43 50 50 40
44 50 50 50
45 50 50 40
46 50 50 70
47 50 50 70
48 50 50 40
49 50 50 70
50 50 50 40
51 50 50 40
52 50 50 50
53 50 50 50
54 50 50 40
55 50 50 70
56 50 50 40
57 50 50 70
58 50 50 40
59 50 50 70
60 50 50 50
61 50 50 70
62 50 50 50
63 50 50 70
64 50 50 70
65 50 50 70
66 50 50 40
67 50 50 70
68 50 50 40
69 50 50 50
70 50 50 70
71 50 50 70
72 50 50 70
73 50 50 50
74 50 50 50
75 50 50 40
76 50 50 50
77 50 50 50
78 50 50 50
79 50 50 50
80 50 50 70
81 50 50 70
82 50 50 40
83 50 50 50
84 50 50 50
85 50 50 40
86 50 50 70
87 50 50 40
88 50 50 50
89 50 50 40
90 50 50 40
91 50 50 50
92 50 50 70
93 50 50 50
94 50 50 50
95 50 50 70
96 50 50 50
97 50 50 40
98 50 50 50
99 50 50 50
100 50 50 40
101 50 50 70
102 50 50 40
103 50 50 50
104 50 50 70
105 50 50 40
106 50 50 70
107 50 50 50
108 50 50 50
109 50 50 40
110 50 50 70
111 50 50 40
112 50 50 40
113 50 50 70
114 50 50 50
115 50 50 70
116 50 50 70
117 50 50 70
118 50 50 40
119 50 50 50
120 50 50 70
121 50 50 40
122 50 50 50
123 50 50 40
124 50 50 50
125 50 50 50
126 50 50 70
127 50 50 50
128 50 50 50
129 50 50 70
130 50 50 40
131 50 50 40
132 50 50 70
133 50 50 70
134 50 50 50
135 50 50 50
136 50 50 40
137 50 50 40
138 50 50 40
139 50 50 70
140 50 50 50
141 50 50 40
142 50 50 70
143 50 50 70
144 50 50 70
145 50 50 40
146 50 50 50
147 50 50 50
148 50 50 70
149 50 50 50
150 50 50 40
151 50 50 50
152 50 50 70
153 50 50 50
154 50 50 40
155 50 50 70
156 50 50 40
157 50 50 70
158 50 50 50
159 50 50 50
160 50 50 70
161 50 50 70
162 50 50 40
163 50 50 70
164 50 50 50
165 50 50 40
166 50 50 50
167 50 50 70
168 50 50 40
169 50 50 70
170 50 50 40
171 50 50 40
172 50 50 50
173 50 50 50
174 50 50 40
175 50 50 40
176 50 50 40
177 50 50 70
178 50 50 70
179 50 50 70
180 50 50 70
181 50 50 70
182 50 50 40
183 50 50 40
184 50 50 40
185 50 50 70
186 50 50 50
187 50 50 40
188 50 50 50
189 50 50 70
190 50 50 70
191 50 50 40
192 50 50 50
193 50 50 70
194 50 50 70
195 50 50 70
196 50 50 40
197 50 50 50
198 50 50 40
199 50 50 50
200 50 50 40
201 50 50 50
202 50 50 70
203 50 50 40
204 50 50 50
205 50 50 50
206 50 50 70
207 50 50 50
208 50 50 40
209 50 50 70
210 50 50 40
211 50 50 50
212 50 50 50
213 50 50 40
214 50 50 70
215 50 50 70
216 50 50 50
217 50 50 70
218 50 50 70
219 50 50 40
220 50 50 50
221 50 50 70
222 50 50 70
223 50 50 40
224 50 50 50
225 50 50 50
226 50 50 50
227 50 50 40
228 50 50 40
229 50 50 70
230 50 50 50
231 50 50 50
232 50 50 40
233 50 50 50
234 50 50 50
235 50 50 40
236 50 50 50
237 50 50 70
238 50 50 70
239 50 50 40
240 50 50 70
241 50 50 50
242 50 50 40
243 50 50 50
244 50 50 40
245 50 50 40
246 50 50 70
247 50 50 50
248 50 50 70
249 50 50 70
250 50 50 50
251 50 50 40
252 50 50 70
253 50 50 50
254 50 50 40
255 50 50 50
256 50 50 50
257 50 50 50
258 50 50 50
259 50 50 50
260 50 50 40
261 50 50 50
262 50 50 70
263 50 50 40
264 50 50 70
265 50 50 50
266 50 50 40
267 50 50 50
268 50 50 50
269 50 50 70
270 50 50 50
271 50 50 70
272 50 50 70
273 50 50 50
274 50 50 40
275 50 50 40
276 50 50 40
277 50 50 50
278 50 50 70
279 50 50 70
280 50 50 70
281 50 50 70
282 50 50 40
283 50 50 40
284 50 50 40
285 50 50 70
286 50 50 70
287 50 50 40
288 50 50 40
289 50 50 50
290 50 50 50
291 50 50 50
292 50 50 40
293 50 50 70
294 50 50 40
295 50 50 70
296 50 50 50
297 50 50 70
298 50 50 50
299 50 50 40
300 50 50 50
301 50 50 40
302 50 50 70
303 50 50 70
304 50 50 50
305 50 50 70
306 50 50 40
307 50 50 70
308 50 50 40
309 50 50 40
310 50 50 50
311 50 50 70
312 50 50 40
313 50 50 70
314 50 50 70
315 50 50 40
316 50 50 50
317 50 50 70
318 50 50 50
319 50 50 40
320 50 50 70
321 50 50 50
322 50 50 40
323 50 50 70
324 50 50 70
325 50 50 70
326 50 50 70
327 50 50 40
328 50 50 70
329 50 50 70
330 50 50 40
331 50 50 50
332 50 50 70
333 50 50 50
334 50 50 50
335 50 50 70
336 50 50 40
337 50 50 50
338 50 50 70
339 50 50 70
340 50 50 40
341 50 50 50
342 50 50 40
343 50 50 70
344 50 50 40
345 50 50 70
346 50 50 40
347 50 50 50
348 50 50 70
349 50 50 40
350 50 50 50
351 50 50 40
352 50 50 50
353 50 50 40
354 50 50 70
355 50 50 70
356 50 50 50
357 50 50 70
358 50 50 70
359 50 50 40
360 50 50 40
361 50 50 50
362 50 50 70
363 50 50 40
364 50 50 40
365 50 50 50
366 50 50 70
367 50 50 40
368 50 50 70
369 50 50 70
370 50 50 50
371 50 50 40
372 50 50 70
373 50 50 70
374 50 50 50
375 50 50 50
376 50 50 40
377 50 50 70
378 50 50 50
379 50 50 50
380 50 50 50
381 50 50 70
382 50 50 50
383 50 50 40
384 50 50 40
385 50 50 50
386 50 50 70
387 50 50 40
388 50 50 50
389 50 50 40
390 50 50 70
391 50 50 50
392 50 50 40
393 50 50 40
394 50 50 40
395 50 50 50
396 50 50 70
397 50 50 50
398 50 50 50
399 50 50 40
400 50 50 40
401 50 50 50
402 50 50 70
403 50 50 40
404 50 50 40
405 50 50 40
406 50 50 40
407 50 50 70
408 50 50 40
