Veh_ID depot_x depot_y capacity
1 50 50 40
2 50 50 70
3 50 50 40
4 50 50 70
5 50 50 50
6 50 50 70
7 50 50 40
8 50 50 40
9 50 50 50
10 50 50 70
11 50 50 70
12 50 50 70
13 50 50 40
14 50 50 40
15 50 50 50
16 50 50 40
17 50 50 70
18 50 50 70
19 50 50 50
20 50 50 40
21 50 50 40
22 50 50 70
23 50 50 40
24 50 50 70
25 50 50 70
26 50 50 70
27 50 50 70
28 50 50 50
29 50 50 70
30 50 50 50
31 50 50 70
32 50 50 70
33 50 50 50
34 50 50 70
35 50 50 70
36 50 50 40
37 50 50 70
38 50 50 40
39 50 50 50
40 50 50 40
41 50 50 50
42 50 50 50
43 50 50 40
44 50 50 40
45 50 50 40
46 50 50 50
47 50 50 40
48 50 50 40
49 50 50 40
50 50 50 70
51 50 50 40
52 50 50 50
53 50 50 40
54 50 50 50
55 50 50 40
56 50 50 70
57 50 50 70
58 50 50 50
59 50 50 40
60 50 50 40
61 50 50 50
62 50 50 40
63 50 50 40
64 50 50 40
65 50 50 40
66 50 50 70
67 50 50 40
68 50 50 70
69 50 50 40
70 50 50 40
71 50 50 50
72 50 50 70
73 50 50 70
74 50 50 70
75 50 50 70
76 50 50 40
77 50 50 50
78 50 50 70
79 50 50 40
80 50 50 50
81 50 50 40
82 50 50 70
83 50 50 70
84 50 50 70
85 50 50 50
86 50 50 70
87 50 50 40
88 50 50 40
89 50 50 50
90 50 50 40
91 50 50 50
92 50 50 50
93 50 50 50
94 50 50 70
95 50 50 50
96 50 50 50
97 50 50 70
98 50 50 50
99 50 50 50
100 50 50 70
101 50 50 50
102 50 50 70
103 50 50 70
104 50 50 50
105 50 50 50
106 50 50 50
107 50 50 70
108 50 50 40
109 50 50 50
110 50 50 70
111 50 50 70
112 50 50 40
113 50 50 50
114 50 50 40
115 50 50 70
116 50 50 70
117 50 50 40
118 50 50 50
119 50 50 40
120 50 50 70
121 50 50 50
122 50 50 70
123 50 50 50
124 50 50 70
125 50 50 40
126 50 50 70
127 50 50 70
128 50 50 70
129 50 50 70
130 50 50 50
131 50 50 50
132 50 50 50
133 50 50 40
134 50 50 50
135 50 50 70
136 50 50 40
137 50 50 70
138 50 50 70
139 50 50 70
140 50 50 70
141 50 50 70
142 50 50 50
143 50 50 70
144 50 50 70
145 50 50 70
146 50 50 70
147 50 50 50
148 50 50 40
149 50 50 70
150 50 50 70
151 50 50 40
152 50 50 70
153 50 50 70
154 50 50 40
155 50 50 70
156 50 50 40
157 50 50 70
158 50 50 70
159 50 50 50
160 50 50 40
161 50 50 70
162 50 50 40
163 50 50 70
164 50 50 50
165 50 50 40
166 50 50 70
167 50 50 40
168 50 50 70
169 50 50 50
170 50 50 70
171 50 50 50
172 50 50 50
173 50 50 70
174 50 50 40
175 50 50 70
176 50 50 50
177 50 50 40
178 50 50 50
179 50 50 50
180 50 50 70
181 50 50 40
182 50 50 50
183 50 50 70
184 50 50 70
185 50 50 50
186 50 50 40
187 50 50 70
