Veh_ID depot_x depot_y capacity
1 50 50 70
2 50 50 70
3 50 50 70
4 50 50 70
5 50 50 70
6 50 50 70
7 50 50 70
8 50 50 70
9 50 50 70
10 50 50 70
11 50 50 70
12 50 50 70
13 50 50 70
14 50 50 70
15 50 50 70
16 50 50 70
17 50 50 70
18 50 50 70
19 50 50 70
20 50 50 70
21 50 50 70
22 50 50 70
23 50 50 70
24 50 50 70
25 50 50 70
26 50 50 70
27 50 50 70
28 50 50 70
29 50 50 70
30 50 50 70
31 50 50 70
32 50 50 70
33 50 50 70
34 50 50 70
35 50 50 70
36 50 50 70
37 50 50 70
38 50 50 70
39 50 50 70
40 50 50 70
41 50 50 70
42 50 50 70
43 50 50 70
44 50 50 70
45 50 50 70
46 50 50 70
47 50 50 70
48 50 50 70
49 50 50 70
50 50 50 70
51 50 50 70
52 50 50 70
53 50 50 70
54 50 50 70
55 50 50 70
56 50 50 70
57 50 50 70
58 50 50 70
59 50 50 70
60 50 50 70
61 50 50 70
62 50 50 70
63 50 50 70
64 50 50 70
65 50 50 70
66 50 50 70
67 50 50 70
68 50 50 70
69 50 50 70
70 50 50 70
71 50 50 70
72 50 50 70
73 50 50 70
74 50 50 70
75 50 50 70
76 50 50 70
77 50 50 70
78 50 50 70
79 50 50 70
80 50 50 70
81 50 50 70
82 50 50 70
83 50 50 70
84 50 50 70
85 50 50 70
86 50 50 70
87 50 50 70
88 50 50 70
89 50 50 70
90 50 50 70
91 50 50 70
92 50 50 70
93 50 50 70
94 50 50 70
95 50 50 70
96 50 50 70
97 50 50 70
98 50 50 70
99 50 50 70
100 50 50 70
101 50 50 70
102 50 50 70
103 50 50 70
104 50 50 70
105 50 50 70
106 50 50 70
107 50 50 70
108 50 50 70
109 50 50 70
110 50 50 70
111 50 50 70
112 50 50 70
113 50 50 70
114 50 50 70
115 50 50 70
116 50 50 70
117 50 50 70
118 50 50 70
119 50 50 70
120 50 50 70
121 50 50 70
122 50 50 70
123 50 50 70
124 50 50 70
125 50 50 70
126 50 50 70
127 50 50 70
128 50 50 70
129 50 50 70
130 50 50 70
131 50 50 70
132 50 50 70
133 50 50 70
134 50 50 70
135 50 50 70
136 50 50 70
137 50 50 70
138 50 50 70
139 50 50 70
140 50 50 70
141 50 50 70
142 50 50 70
143 50 50 70
144 50 50 70
145 50 50 70
146 50 50 70
147 50 50 70
148 50 50 70
149 50 50 70
150 50 50 70
151 50 50 70
152 50 50 70
153 50 50 70
154 50 50 70
155 50 50 70
156 50 50 70
157 50 50 70
158 50 50 70
159 50 50 70
160 50 50 70
161 50 50 70
162 50 50 70
163 50 50 70
164 50 50 70
165 50 50 70
166 50 50 70
167 50 50 70
168 50 50 70
169 50 50 70
170 50 50 70
171 50 50 70
172 50 50 70
173 50 50 70
174 50 50 70
175 50 50 70
176 50 50 70
177 50 50 70
178 50 50 70
179 50 50 70
180 50 50 70
181 50 50 70
182 50 50 70
183 50 50 70
184 50 50 70
185 50 50 70
186 50 50 70
187 50 50 70
188 50 50 70
189 50 50 70
190 50 50 70
191 50 50 70
192 50 50 70
193 50 50 70
194 50 50 70
195 50 50 70
196 50 50 70
197 50 50 70
198 50 50 70
199 50 50 70
200 50 50 70
201 50 50 70
202 50 50 70
203 50 50 70
204 50 50 70
205 50 50 70
206 50 50 70
207 50 50 70
208 50 50 70
209 50 50 70
210 50 50 70
211 50 50 70
212 50 50 70
213 50 50 70
214 50 50 70
215 50 50 70
216 50 50 70
217 50 50 70
218 50 50 70
219 50 50 70
220 50 50 70
221 50 50 70
222 50 50 70
223 50 50 70
224 50 50 70
225 50 50 70
226 50 50 70
227 50 50 70
228 50 50 70
229 50 50 70
230 50 50 70
231 50 50 70
232 50 50 70
233 50 50 70
234 50 50 70
235 50 50 70
236 50 50 70
237 50 50 70
238 50 50 70
239 50 50 70
240 50 50 70
241 50 50 70
242 50 50 70
243 50 50 70
244 50 50 70
245 50 50 70
246 50 50 70
247 50 50 70
248 50 50 70
249 50 50 70
250 50 50 70
251 50 50 70
252 50 50 70
253 50 50 70
254 50 50 70
255 50 50 70
256 50 50 70
257 50 50 70
258 50 50 70
259 50 50 70
260 50 50 70
261 50 50 70
262 50 50 70
263 50 50 70
264 50 50 70
265 50 50 70
266 50 50 70
267 50 50 70
268 50 50 70
269 50 50 70
270 50 50 70
271 50 50 70
272 50 50 70
273 50 50 70
274 50 50 70
275 50 50 70
276 50 50 70
277 50 50 70
278 50 50 70
279 50 50 70
280 50 50 70
281 50 50 70
282 50 50 70
283 50 50 70
284 50 50 70
285 50 50 70
286 50 50 70
287 50 50 70
288 50 50 70
289 50 50 70
290 50 50 70
291 50 50 70
292 50 50 70
293 50 50 70
294 50 50 70
295 50 50 70
296 50 50 70
297 50 50 70
298 50 50 70
299 50 50 70
300 50 50 70
301 50 50 70
302 50 50 70
303 50 50 70
304 50 50 70
305 50 50 70
306 50 50 70
307 50 50 70
308 50 50 70
309 50 50 70
310 50 50 70
311 50 50 70
312 50 50 70
313 50 50 70
314 50 50 70
315 50 50 70
316 50 50 70
317 50 50 70
318 50 50 70
319 50 50 70
320 50 50 70
321 50 50 70
322 50 50 70
323 50 50 70
324 50 50 70
325 50 50 70
326 50 50 70
327 50 50 70
328 50 50 70
329 50 50 70
330 50 50 70
331 50 50 70
332 50 50 70
333 50 50 70
334 50 50 70
335 50 50 70
336 50 50 70
337 50 50 70
338 50 50 70
339 50 50 70
340 50 50 70
341 50 50 70
342 50 50 70
343 50 50 70
344 50 50 70
345 50 50 70
346 50 50 70
347 50 50 70
348 50 50 70
349 50 50 70
350 50 50 70
351 50 50 70
352 50 50 70
353 50 50 70
354 50 50 70
355 50 50 70
356 50 50 70
357 50 50 70
358 50 50 70
359 50 50 70
360 50 50 70
361 50 50 70
362 50 50 70
363 50 50 70
364 50 50 70
365 50 50 70
366 50 50 70
367 50 50 70
368 50 50 70
369 50 50 70
370 50 50 70
371 50 50 70
372 50 50 70
373 50 50 70
374 50 50 70
375 50 50 70
376 50 50 70
377 50 50 70
378 50 50 70
379 50 50 70
380 50 50 70
381 50 50 70
382 50 50 70
383 50 50 70
384 50 50 70
385 50 50 70
386 50 50 70
387 50 50 70
388 50 50 70
389 50 50 70
390 50 50 70
391 50 50 70
392 50 50 70
393 50 50 70
394 50 50 70
395 50 50 70
396 50 50 70
397 50 50 70
398 50 50 70
399 50 50 70
400 50 50 70
401 50 50 70
402 50 50 70
403 50 50 70
404 50 50 70
405 50 50 70
406 50 50 70
407 50 50 70
408 50 50 70
409 50 50 70
410 50 50 70
411 50 50 70
412 50 50 70
413 50 50 70
414 50 50 70
415 50 50 70
416 50 50 70
417 50 50 70
418 50 50 70
419 50 50 70
420 50 50 70
421 50 50 70
422 50 50 70
423 50 50 70
424 50 50 70
425 50 50 70
426 50 50 70
427 50 50 70
428 50 50 70
429 50 50 70
430 50 50 70
431 50 50 70
432 50 50 70
433 50 50 70
434 50 50 70
435 50 50 70
436 50 50 70
437 50 50 70
438 50 50 70
439 50 50 70
440 50 50 70
441 50 50 70
442 50 50 70
443 50 50 70
444 50 50 70
445 50 50 70
446 50 50 70
447 50 50 70
448 50 50 70
449 50 50 70
450 50 50 70
451 50 50 70
452 50 50 70
453 50 50 70
454 50 50 70
455 50 50 70
456 50 50 70
457 50 50 70
458 50 50 70
459 50 50 70
460 50 50 70
461 50 50 70
